INFO: 2023-09-21 16:00:09,127: Data
INFO: 2023-09-21 16:00:09,128: Data shape (110527, 14)
INFO: 2023-09-21 16:00:09,147: Percentage of women: 0.653882342398853
INFO: 2023-09-21 16:00:09,161: Percentage of men: 0.346117657601147
ERROR: 2023-09-21 16:01:08,177: Data shape is incorrect!
